{
 "cells": [
  {
   "cell_type": "code",
   "execution_count": 1,
   "id": "49a50908",
   "metadata": {},
   "outputs": [],
   "source": [
    "from LIMxCMBL.init import *\n",
    "from LIMxCMBL.kernels import *\n",
    "import sys\n",
    "\n",
    "# Lambda_idx = int(sys.argv[1])\n",
    "# n_external = int(sys.argv[2])\n",
    "Lambda_idx = 18\n",
    "n_external = 3\n",
    "\n",
    "\n",
    "Lambda = Lambdas[Lambda_idx]"
   ]
  },
  {
   "cell_type": "code",
   "execution_count": 2,
   "id": "8e49b577",
   "metadata": {},
   "outputs": [],
   "source": [
    "# CCAT-prime\n",
    "zmin = 3.5\n",
    "zmax = 8.1\n",
    "\n",
    "Omega_field = 8 * (np.pi/180)**2 #rad^2\n",
    "Pei = 2.3e4 #Mpc^3 kJy^2 /sr^2 \n",
    "chimin = ccl.comoving_angular_distance(cosmo, 1/(1+zmin))\n",
    "chimax = ccl.comoving_angular_distance(cosmo, 1/(1+zmax))"
   ]
  },
  {
   "cell_type": "code",
   "execution_count": 3,
   "id": "daad6c25",
   "metadata": {},
   "outputs": [],
   "source": [
    "from scipy.interpolate import interp1d\n",
    "from scipy.integrate import quad, quad_vec, trapezoid\n",
    "\n",
    "inner_dkparp_integral = np.load('/oak/stanford/orgs/kipac/users/delon/LIMxCMBL/inner_dkparp_integral.npy')\n",
    "f_inner_integral = interp1d(x = chibs, y = inner_dkparp_integral, axis = 1)"
   ]
  },
  {
   "cell_type": "code",
   "execution_count": 4,
   "id": "76430ec8",
   "metadata": {},
   "outputs": [
    {
     "name": "stdout",
     "output_type": "stream",
     "text": [
      "external chi spacing 1104.768931326645\n"
     ]
    }
   ],
   "source": [
    "external_chis = np.linspace(chimin*(1+1e-8), chimax*(1 - 1e-8), n_external)\n",
    "print('external chi spacing', np.mean(np.diff(external_chis)))"
   ]
  },
  {
   "cell_type": "code",
   "execution_count": 5,
   "id": "e7f50c33",
   "metadata": {},
   "outputs": [],
   "source": [
    "ILoILo = np.zeros((len(ells), (n_external), (n_external)), dtype=np.float64)"
   ]
  },
  {
   "cell_type": "code",
   "execution_count": 6,
   "id": "279ce6af",
   "metadata": {},
   "outputs": [],
   "source": [
    "from tqdm import trange"
   ]
  },
  {
   "cell_type": "code",
   "execution_count": 7,
   "id": "31c4fcc5",
   "metadata": {},
   "outputs": [],
   "source": [
    "# for chi_idx in trange(n_external):\n",
    "#     chi = external_chis[chi_idx]\n",
    "#     chip = external_chis\n",
    "\n",
    "#     f_KLIMLo1 = get_f_KILo(external_chi = chi, Lambda=Lambda)\n",
    "#     f_KLIMLo1_windowed = apply_window(f_K = f_KLIMLo1,\n",
    "#                                      chimin = chimin,\n",
    "#                                      chimax = chimax)\n",
    "\n",
    "#     f_KLIMLo2 = get_f_KILo(external_chi = chip.reshape(n_external, 1), Lambda=Lambda)\n",
    "#     f_KLIMLo2_windowed = apply_window(f_K = f_KLIMLo2,\n",
    "#                                      chimin = chimin,\n",
    "#                                      chimax = chimax)\n",
    "\n",
    "\n",
    "#     def integrand(_chib):\n",
    "#         plus = _chib*(1+deltas)\n",
    "#         mins = _chib*(1-deltas)\n",
    "\n",
    "#         _interm  = f_KLIMLo1_windowed(plus) * f_KLIMLo2_windowed(mins)\n",
    "#         _interm += f_KLIMLo1_windowed(mins) * f_KLIMLo2_windowed(plus) \n",
    "\n",
    "#         _factor = (2 / _chib)\n",
    "#         _factor = _factor * deltas\n",
    "#         _factor = np.einsum('d, ld->ld', _factor, f_inner_integral(_chib))\n",
    "\n",
    "#         _interm  = np.einsum('ed,ld->led', _interm, _factor)\n",
    "\n",
    "#         return trapezoid(x = np.log(deltas), y = _interm, axis=-1)\n",
    "\n",
    "#     ILoILo[:,chi_idx,:], _ = quad_vec(integrand, 10, chimax_sample,\n",
    "#                                       epsrel = 1e-3, epsabs =0.0)"
   ]
  },
  {
   "cell_type": "code",
   "execution_count": 8,
   "id": "c5e60f02",
   "metadata": {},
   "outputs": [],
   "source": [
    "f_KLIMLo1 = get_f_KILo(external_chi = external_chis.reshape(n_external,1,1), Lambda=Lambda)\n",
    "f_KLIMLo1_windowed = apply_window(f_K = f_KLIMLo1,\n",
    "                                 chimin = chimin,\n",
    "                                 chimax = chimax)\n",
    "\n",
    "f_KLIMLo2 = get_f_KILo(external_chi = external_chis.reshape(1,n_external, 1), Lambda=Lambda)\n",
    "f_KLIMLo2_windowed = apply_window(f_K = f_KLIMLo2,\n",
    "                                 chimin = chimin,\n",
    "                                 chimax = chimax)\n",
    "\n",
    "\n",
    "def integrand(_chib):\n",
    "    plus = _chib*(1+deltas)\n",
    "    mins = _chib*(1-deltas)\n",
    "\n",
    "    _interm  = f_KLIMLo1_windowed(plus) * f_KLIMLo2_windowed(mins)\n",
    "    _interm += f_KLIMLo1_windowed(mins) * f_KLIMLo2_windowed(plus) \n",
    "\n",
    "    _factor = (2 / _chib)\n",
    "    _factor = _factor * deltas\n",
    "    _factor = np.einsum('d, ld->ld', _factor, f_inner_integral(_chib))\n",
    "\n",
    "    _interm  = np.einsum('xyd,ld->lxyd', _interm, _factor)\n",
    "\n",
    "    return trapezoid(x = np.log(deltas), y = _interm, axis=-1)\n",
    "res, _ = quad_vec(integrand, 10, chimax_sample, epsrel = 1e-3, epsabs =0.0)"
   ]
  },
  {
   "cell_type": "code",
   "execution_count": 11,
   "id": "9e23a4d7",
   "metadata": {},
   "outputs": [
    {
     "name": "stdout",
     "output_type": "stream",
     "text": [
      "[[[ 6.59523781e-07 -5.31186709e-08  3.06414933e-08]\n",
      "  [-5.31186709e-08  8.32985655e-08 -4.39534693e-09]\n",
      "  [ 3.06414933e-08 -4.39534693e-09  4.87180620e-09]]\n",
      "\n",
      " [[ 6.61729436e-07 -5.29839749e-08  3.07211017e-08]\n",
      "  [-5.29839749e-08  8.36338859e-08 -4.38842441e-09]\n",
      "  [ 3.07211017e-08 -4.38842441e-09  4.87635571e-09]]\n",
      "\n",
      " [[ 6.64115027e-07 -5.28481404e-08  3.08072636e-08]\n",
      "  [-5.28481404e-08  8.39979500e-08 -4.38150930e-09]\n",
      "  [ 3.08072636e-08 -4.38150930e-09  4.88130278e-09]]\n",
      "\n",
      " [[ 6.66690839e-07 -5.27118231e-08  3.09004071e-08]\n",
      "  [-5.27118231e-08  8.43926423e-08 -4.37464853e-09]\n",
      "  [ 3.09004071e-08 -4.37464853e-09  4.88667662e-09]]\n",
      "\n",
      " [[ 6.69466928e-07 -5.25756901e-08  3.10009640e-08]\n",
      "  [-5.25756901e-08  8.48198662e-08 -4.36789156e-09]\n",
      "  [ 3.10009640e-08 -4.36789156e-09  4.89250715e-09]]\n",
      "\n",
      " [[ 6.72452905e-07 -5.24404006e-08  3.11093631e-08]\n",
      "  [-5.24404006e-08  8.52815239e-08 -4.36128916e-09]\n",
      "  [ 3.11093631e-08 -4.36128916e-09  4.89882460e-09]]\n",
      "\n",
      " [[ 6.75657654e-07 -5.23065884e-08  3.12260203e-08]\n",
      "  [-5.23065884e-08  8.57794888e-08 -4.35489223e-09]\n",
      "  [ 3.12260203e-08 -4.35489223e-09  4.90565897e-09]]\n",
      "\n",
      " [[ 6.79089083e-07 -5.21748561e-08  3.13513300e-08]\n",
      "  [-5.21748561e-08  8.63155713e-08 -4.34875114e-09]\n",
      "  [ 3.13513300e-08 -4.34875114e-09  4.91303935e-09]]\n",
      "\n",
      " [[ 6.82753840e-07 -5.20457423e-08  3.14856521e-08]\n",
      "  [-5.20457423e-08  8.68914703e-08 -4.34291400e-09]\n",
      "  [ 3.14856521e-08 -4.34291400e-09  4.92099310e-09]]\n",
      "\n",
      " [[ 6.86656936e-07 -5.19196690e-08  3.16292970e-08]\n",
      "  [-5.19196690e-08  8.75087286e-08 -4.33742490e-09]\n",
      "  [ 3.16292970e-08 -4.33742490e-09  4.92954468e-09]]\n",
      "\n",
      " [[ 6.90801286e-07 -5.17969056e-08  3.17825085e-08]\n",
      "  [-5.17969056e-08  8.81686882e-08 -4.33232202e-09]\n",
      "  [ 3.17825085e-08 -4.33232202e-09  4.93871435e-09]]\n",
      "\n",
      " [[ 6.95187122e-07 -5.16775393e-08  3.19454407e-08]\n",
      "  [-5.16775393e-08  8.88724293e-08 -4.32763505e-09]\n",
      "  [ 3.19454407e-08 -4.32763505e-09  4.94851653e-09]]\n",
      "\n",
      " [[ 6.99811486e-07 -5.15614780e-08  3.21181367e-08]\n",
      "  [-5.15614780e-08  8.96206961e-08 -4.32338421e-09]\n",
      "  [ 3.21181367e-08 -4.32338421e-09  4.95895797e-09]]\n",
      "\n",
      " [[ 7.04667620e-07 -5.14484156e-08  3.23004982e-08]\n",
      "  [-5.14484156e-08  9.04137997e-08 -4.31957787e-09]\n",
      "  [ 3.23004982e-08 -4.31957787e-09  4.97003528e-09]]\n",
      "\n",
      " [[ 7.09744227e-07 -5.13377784e-08  3.24922529e-08]\n",
      "  [-5.13377784e-08  9.12515227e-08 -4.31621074e-09]\n",
      "  [ 3.24922529e-08 -4.31621074e-09  4.98173208e-09]]\n",
      "\n",
      " [[ 7.15024708e-07 -5.12287160e-08  3.26929200e-08]\n",
      "  [-5.12287160e-08  9.21330284e-08 -4.31326265e-09]\n",
      "  [ 3.26929200e-08 -4.31326265e-09  4.99401575e-09]]\n",
      "\n",
      " [[ 7.20486279e-07 -5.11200796e-08  3.29017686e-08]\n",
      "  [-5.11200796e-08  9.30567343e-08 -4.31069520e-09]\n",
      "  [ 3.29017686e-08 -4.31069520e-09  5.00683353e-09]]\n",
      "\n",
      " [[ 7.26099053e-07 -5.10104078e-08  3.31177720e-08]\n",
      "  [-5.10104078e-08  9.40201809e-08 -4.30845042e-09]\n",
      "  [ 3.31177720e-08 -4.30845042e-09  5.02010808e-09]]\n",
      "\n",
      " [[ 7.31825065e-07 -5.08979211e-08  3.33395598e-08]\n",
      "  [-5.08979211e-08  9.50198889e-08 -4.30644876e-09]\n",
      "  [ 3.33395598e-08 -4.30644876e-09  5.03373242e-09]]\n",
      "\n",
      " [[ 7.37617219e-07 -5.07805076e-08  3.35653628e-08]\n",
      "  [-5.07805076e-08  9.60511999e-08 -4.30458647e-09]\n",
      "  [ 3.35653628e-08 -4.30458647e-09  5.04756404e-09]]\n",
      "\n",
      " [[ 7.43418204e-07 -5.06557145e-08  3.37929561e-08]\n",
      "  [-5.06557145e-08  9.71081128e-08 -4.30273329e-09]\n",
      "  [ 3.37929561e-08 -4.30273329e-09  5.06141844e-09]]\n",
      "\n",
      " [[ 7.49159456e-07 -5.05207494e-08  3.40196023e-08]\n",
      "  [-5.05207494e-08  9.81831110e-08 -4.30072929e-09]\n",
      "  [ 3.40196023e-08 -4.30072929e-09  5.07506213e-09]]\n",
      "\n",
      " [[ 7.54760048e-07 -5.03724635e-08  3.42419890e-08]\n",
      "  [-5.03724635e-08  9.92669787e-08 -4.29838077e-09]\n",
      "  [ 3.42419890e-08 -4.29838077e-09  5.08820488e-09]]\n",
      "\n",
      " [[ 7.60125737e-07 -5.02073436e-08  3.44561709e-08]\n",
      "  [-5.02073436e-08  1.00348626e-07 -4.29545636e-09]\n",
      "  [ 3.44561709e-08 -4.29545636e-09  5.10049165e-09]]\n",
      "\n",
      " [[ 7.65148105e-07 -5.00214916e-08  3.46575170e-08]\n",
      "  [-5.00214916e-08  1.01414915e-07 -4.29168149e-09]\n",
      "  [ 3.46575170e-08 -4.29168149e-09  5.11149456e-09]]\n",
      "\n",
      " [[ 7.69703910e-07 -4.98106111e-08  3.48406645e-08]\n",
      "  [-4.98106111e-08  1.02450502e-07 -4.28673260e-09]\n",
      "  [ 3.48406645e-08 -4.28673260e-09  5.12070482e-09]]\n",
      "\n",
      " [[ 7.73654708e-07 -4.95699733e-08  3.49994848e-08]\n",
      "  [-4.95699733e-08  1.03437706e-07 -4.28023055e-09]\n",
      "  [ 3.49994848e-08 -4.28023055e-09  5.12752551e-09]]\n",
      "\n",
      " [[ 7.76846969e-07 -4.92944038e-08  3.51270711e-08]\n",
      "  [-4.92944038e-08  1.04356418e-07 -4.27173445e-09]\n",
      "  [ 3.51270711e-08 -4.27173445e-09  5.13126566e-09]]\n",
      "\n",
      " [[ 7.79112654e-07 -4.89782615e-08  3.52157518e-08]\n",
      "  [-4.89782615e-08  1.05184057e-07 -4.26073498e-09]\n",
      "  [ 3.52157518e-08 -4.26073498e-09  5.13113656e-09]]\n",
      "\n",
      " [[ 7.80270595e-07 -4.86154516e-08  3.52571373e-08]\n",
      "  [-4.86154516e-08  1.05895616e-07 -4.24665003e-09]\n",
      "  [ 3.52571373e-08 -4.24665003e-09  5.12625111e-09]]\n",
      "\n",
      " [[ 7.80128673e-07 -4.81994506e-08  3.52422127e-08]\n",
      "  [-4.81994506e-08  1.06463785e-07 -4.22882185e-09]\n",
      "  [ 3.52422127e-08 -4.22882185e-09  5.11562749e-09]]\n",
      "\n",
      " [[ 7.78487284e-07 -4.77233641e-08  3.51614859e-08]\n",
      "  [-4.77233641e-08  1.06859216e-07 -4.20651769e-09]\n",
      "  [ 3.51614859e-08 -4.20651769e-09  5.09819851e-09]]\n",
      "\n",
      " [[ 7.75143966e-07 -4.71801047e-08  3.50051992e-08]\n",
      "  [-4.71801047e-08  1.07050926e-07 -4.17893667e-09]\n",
      "  [ 3.50051992e-08 -4.17893667e-09  5.07282793e-09]]\n",
      "\n",
      " [[ 7.69899580e-07 -4.65625345e-08  3.47636176e-08]\n",
      "  [-4.65625345e-08  1.07006882e-07 -4.14521913e-09]\n",
      "  [ 3.47636176e-08 -4.14521913e-09  5.03833570e-09]]\n",
      "\n",
      " [[ 7.62566319e-07 -4.58637963e-08  3.44274001e-08]\n",
      "  [-4.58637963e-08  1.06694816e-07 -4.10446902e-09]\n",
      "  [ 3.44274001e-08 -4.10446902e-09  4.99353267e-09]]\n",
      "\n",
      " [[ 7.52977328e-07 -4.50776722e-08  3.39880531e-08]\n",
      "  [-4.50776722e-08  1.06083248e-07 -4.05577827e-09]\n",
      "  [ 3.39880531e-08 -4.05577827e-09  4.93726684e-09]]\n",
      "\n",
      " [[ 7.40998305e-07 -4.41990875e-08  3.34384739e-08]\n",
      "  [-4.41990875e-08  1.05142810e-07 -3.99826501e-09]\n",
      "  [ 3.34384739e-08 -3.99826501e-09  4.86848085e-09]]\n",
      "\n",
      " [[ 7.26540412e-07 -4.32247259e-08  3.27735605e-08]\n",
      "  [-4.32247259e-08  1.03847808e-07 -3.93112157e-09]\n",
      "  [ 3.27735605e-08 -3.93112157e-09  4.78627941e-09]]\n",
      "\n",
      " [[ 7.09574754e-07 -4.21536594e-08  3.19909280e-08]\n",
      "  [-4.21536594e-08  1.02178081e-07 -3.85367464e-09]\n",
      "  [ 3.19909280e-08 -3.85367464e-09  4.69000751e-09]]\n",
      "\n",
      " [[ 6.90146843e-07 -4.09881582e-08  3.10916943e-08]\n",
      "  [-4.09881582e-08  1.00121049e-07 -3.76546892e-09]\n",
      "  [ 3.10916943e-08 -3.76546892e-09  4.57933715e-09]]\n",
      "\n",
      " [[ 6.68390627e-07 -3.97343365e-08  3.00812811e-08]\n",
      "  [-3.97343365e-08  9.76739477e-08 -3.66635568e-09]\n",
      "  [ 3.00812811e-08 -3.66635568e-09  4.45436485e-09]]\n",
      "\n",
      " [[ 6.44539901e-07 -3.84026554e-08  2.89698973e-08]\n",
      "  [-3.84026554e-08  9.48460101e-08 -3.55656595e-09]\n",
      "  [ 2.89698973e-08 -3.55656595e-09  4.31570882e-09]]\n",
      "\n",
      " [[ 6.18934891e-07 -3.70080936e-08  2.77726139e-08]\n",
      "  [-3.70080936e-08  9.16604989e-08 -3.43674618e-09]\n",
      "  [ 2.77726139e-08 -3.43674618e-09  4.16458022e-09]]\n",
      "\n",
      " [[ 5.92021022e-07 -3.55697691e-08  2.65096858e-08]\n",
      "  [-3.55697691e-08  8.81563076e-08 -3.30803393e-09]\n",
      "  [ 2.65096858e-08 -3.30803393e-09  4.00281042e-09]]\n",
      "\n",
      " [[ 5.64334539e-07 -3.41092964e-08  2.52064199e-08]\n",
      "  [-3.41092964e-08  8.43885922e-08 -3.17207638e-09]\n",
      "  [ 2.52064199e-08 -3.17207638e-09  3.83286606e-09]]\n",
      "\n",
      " [[ 5.36462897e-07 -3.26468317e-08  2.38905514e-08]\n",
      "  [-3.26468317e-08  8.04278536e-08 -3.03084568e-09]\n",
      "  [ 2.38905514e-08 -3.03084568e-09  3.65770708e-09]]\n",
      "\n",
      " [[ 5.08931807e-07 -3.12053859e-08  2.25840771e-08]\n",
      "  [-3.12053859e-08  7.63569881e-08 -2.88651890e-09]\n",
      "  [ 2.25840771e-08 -2.88651890e-09  3.48017394e-09]]\n",
      "\n",
      " [[ 4.82476386e-07 -2.98392294e-08  2.13240949e-08]\n",
      "  [-2.98392294e-08  7.22703310e-08 -2.74251022e-09]\n",
      "  [ 2.13240949e-08 -2.74251022e-09  3.30433490e-09]]\n",
      "\n",
      " [[ 4.57852793e-07 -2.85653393e-08  2.01506052e-08]\n",
      "  [-2.85653393e-08  6.82571569e-08 -2.60114393e-09]\n",
      "  [ 2.01506052e-08 -2.60114393e-09  3.13479651e-09]]\n",
      "\n",
      " [[ 4.35486500e-07 -2.73932560e-08  1.90882351e-08]\n",
      "  [-2.73932560e-08  6.44155193e-08 -2.46664864e-09]\n",
      "  [ 1.90882351e-08 -2.46664864e-09  2.97539668e-09]]\n",
      "\n",
      " [[ 4.15473385e-07 -2.63175507e-08  1.81444563e-08]\n",
      "  [-2.63175507e-08  6.08617315e-08 -2.34191628e-09]\n",
      "  [ 1.81444563e-08 -2.34191628e-09  2.82845871e-09]]\n",
      "\n",
      " [[ 3.97582250e-07 -2.53238312e-08  1.73120605e-08]\n",
      "  [-2.53238312e-08  5.76599456e-08 -2.22877336e-09]\n",
      "  [ 1.73120605e-08 -2.22877336e-09  2.69490435e-09]]\n",
      "\n",
      " [[ 3.81361366e-07 -2.43899882e-08  1.65712738e-08]\n",
      "  [-2.43899882e-08  5.48245326e-08 -2.12743359e-09]\n",
      "  [ 1.65712738e-08 -2.12743359e-09  2.57428081e-09]]\n",
      "\n",
      " [[ 3.66467462e-07 -2.35099057e-08  1.59085699e-08]\n",
      "  [-2.35099057e-08  5.23242631e-08 -2.03727574e-09]\n",
      "  [ 1.59085699e-08 -2.03727574e-09  2.46548689e-09]]\n",
      "\n",
      " [[ 3.51818725e-07 -2.25663103e-08  1.52917679e-08]\n",
      "  [-2.25663103e-08  5.00899835e-08 -1.95441324e-09]\n",
      "  [ 1.52917679e-08 -1.95441324e-09  2.36595277e-09]]\n",
      "\n",
      " [[ 3.35639140e-07 -2.15136617e-08  1.46225503e-08]\n",
      "  [-2.15136617e-08  4.80390935e-08 -1.87716571e-09]\n",
      "  [ 1.46225503e-08 -1.87716571e-09  2.26704044e-09]]\n",
      "\n",
      " [[ 3.17060194e-07 -2.02973857e-08  1.38598088e-08]\n",
      "  [-2.02973857e-08  4.60532307e-08 -1.80139476e-09]\n",
      "  [ 1.38598088e-08 -1.80139476e-09  2.16241803e-09]]\n",
      "\n",
      " [[ 2.95402129e-07 -1.88946507e-08  1.29602615e-08]\n",
      "  [-1.88946507e-08  4.38564906e-08 -1.71624577e-09]\n",
      "  [ 1.29602615e-08 -1.71624577e-09  2.04624840e-09]]\n",
      "\n",
      " [[ 2.70947521e-07 -1.73414722e-08  1.19217713e-08]\n",
      "  [-1.73414722e-08  4.13387178e-08 -1.61895837e-09]\n",
      "  [ 1.19217713e-08 -1.61895837e-09  1.91454646e-09]]\n",
      "\n",
      " [[ 2.44982963e-07 -1.57222365e-08  1.07902566e-08]\n",
      "  [-1.57222365e-08  3.84114590e-08 -1.50633395e-09]\n",
      "  [ 1.07902566e-08 -1.50633395e-09  1.76792904e-09]]\n",
      "\n",
      " [[ 2.19452814e-07 -1.41521537e-08  9.64713553e-09]\n",
      "  [-1.41521537e-08  3.51203375e-08 -1.38000121e-09]\n",
      "  [ 9.64713553e-09 -1.38000121e-09  1.61216675e-09]]\n",
      "\n",
      " [[ 1.96520283e-07 -1.27553991e-08  8.59050945e-09]\n",
      "  [-1.27553991e-08  3.16471924e-08 -1.24662171e-09]\n",
      "  [ 8.59050945e-09 -1.24662171e-09  1.45645231e-09]]\n",
      "\n",
      " [[ 1.77981353e-07 -1.16276396e-08  7.71183974e-09]\n",
      "  [-1.16276396e-08  2.82605597e-08 -1.11599608e-09]\n",
      "  [ 7.71183974e-09 -1.11599608e-09  1.31193133e-09]]\n",
      "\n",
      " [[ 1.64379560e-07 -1.07843961e-08  7.05656050e-09]\n",
      "  [-1.07843961e-08  2.52461684e-08 -9.98422685e-10]\n",
      "  [ 7.05656050e-09 -9.98422685e-10  1.18804251e-09]]\n",
      "\n",
      " [[ 1.54559840e-07 -1.01466377e-08  6.59504049e-09]\n",
      "  [-1.01466377e-08  2.28249980e-08 -9.02305334e-10]\n",
      "  [ 6.59504049e-09 -9.02305334e-10  1.08834725e-09]]\n",
      "\n",
      " [[ 1.46071957e-07 -9.56655262e-09  6.23265723e-09]\n",
      "  [-9.56655262e-09  2.10478504e-08 -8.30384767e-10]\n",
      "  [ 6.23265723e-09 -8.30384767e-10  1.00904814e-09]]\n",
      "\n",
      " [[ 1.35915958e-07 -8.87160499e-09  5.83570995e-09]\n",
      "  [-8.87160499e-09  1.97428940e-08 -7.77034711e-10]\n",
      "  [ 5.83570995e-09 -7.77034711e-10  9.39779632e-10]]\n",
      "\n",
      " [[ 1.22525308e-07 -7.99528251e-09  5.30530072e-09]\n",
      "  [-7.99528251e-09  1.85832952e-08 -7.31363818e-10]\n",
      "  [ 5.30530072e-09 -7.31363818e-10  8.68095861e-10]]\n",
      "\n",
      " [[ 1.07494764e-07 -7.04870153e-09  4.67460079e-09]\n",
      "  [-7.04870153e-09  1.72141582e-08 -6.80551155e-10]\n",
      "  [ 4.67460079e-09 -6.80551155e-10  7.88790085e-10]]\n",
      "\n",
      " [[ 9.38795247e-08 -6.20245337e-09  4.06622915e-09]\n",
      "  [-6.20245337e-09  1.54715052e-08 -6.15683321e-10]\n",
      "  [ 4.06622915e-09 -6.15683321e-10  7.06455644e-10]]\n",
      "\n",
      " [[ 8.41176672e-08 -5.58753176e-09  3.60122225e-09]\n",
      "  [-5.58753176e-09  1.35644179e-08 -5.42449340e-10]\n",
      "  [ 3.60122225e-09 -5.42449340e-10  6.30240672e-10]]\n",
      "\n",
      " [[ 7.78454944e-08 -5.16167822e-09  3.30275051e-09]\n",
      "  [-5.16167822e-09  1.18648275e-08 -4.73913120e-10]\n",
      "  [ 3.30275051e-09 -4.73913120e-10  5.66711013e-10]]\n",
      "\n",
      " [[ 7.20941997e-08 -4.75321973e-09  3.06401513e-09]\n",
      "  [-4.75321973e-09  1.06299131e-08 -4.21396256e-10]\n",
      "  [ 3.06401513e-09 -4.21396256e-10  5.13930744e-10]]\n",
      "\n",
      " [[ 6.45481596e-08 -4.24722596e-09  2.76861190e-09]\n",
      "  [-4.24722596e-09  9.79369796e-09 -3.86331493e-10]\n",
      "  [ 2.76861190e-09 -3.86331493e-10  4.64402676e-10]]\n",
      "\n",
      " [[ 5.60646577e-08 -3.71156565e-09  2.41513428e-09]\n",
      "  [-3.71156565e-09  9.01479510e-09 -3.57222231e-10]\n",
      "  [ 2.41513428e-09 -3.57222231e-10  4.14628807e-10]]\n",
      "\n",
      " [[ 4.93388866e-08 -3.29145401e-09  2.10909761e-09]\n",
      "  [-3.29145401e-09  8.05461657e-09 -3.22348665e-10]\n",
      "  [ 2.10909761e-09 -3.22348665e-10  3.68902450e-10]]\n",
      "\n",
      " [[ 4.48833790e-08 -2.99067089e-09  1.90237886e-09]\n",
      "  [-2.99067089e-09  7.01562537e-09 -2.81377049e-10]\n",
      "  [ 1.90237886e-09 -2.81377049e-10  3.31024911e-10]]\n",
      "\n",
      " [[ 4.05687102e-08 -2.68712735e-09  1.72499008e-09]\n",
      "  [-2.68712735e-09  6.17786306e-09 -2.45646678e-10]\n",
      "  [ 1.72499008e-09 -2.45646678e-10  2.97362872e-10]]\n",
      "\n",
      " [[ 3.54922009e-08 -2.35429565e-09  1.51825658e-09]\n",
      "  [-2.35429565e-09  5.58872254e-09 -2.21421502e-10]\n",
      "  [ 1.51825658e-09 -2.21421502e-10  2.63371843e-10]]\n",
      "\n",
      " [[ 3.11560054e-08 -2.08102505e-09  1.32699366e-09]\n",
      "  [-2.08102505e-09  5.03231265e-09 -2.01073645e-10]\n",
      "  [ 1.32699366e-09 -2.01073645e-10  2.32023808e-10]]\n",
      "\n",
      " [[ 2.79624024e-08 -1.86624509e-09  1.18511404e-09]\n",
      "  [-1.86624509e-09  4.41290159e-09 -1.76922640e-10]\n",
      "  [ 1.18511404e-09 -1.76922640e-10  2.06906731e-10]]\n",
      "\n",
      " [[ 2.47349111e-08 -1.64506786e-09  1.05226607e-09]\n",
      "  [-1.64506786e-09  3.87235352e-09 -1.54167640e-10]\n",
      "  [ 1.05226607e-09 -1.54167640e-10  1.84479416e-10]]\n",
      "\n",
      " [[ 2.16352243e-08 -1.44439333e-09  9.20128239e-10]\n",
      "  [-1.44439333e-09  3.45905643e-09 -1.37867072e-10]\n",
      "  [ 9.20128239e-10 -1.37867072e-10  1.62164523e-10]]\n",
      "\n",
      " [[ 1.91866969e-08 -1.28274665e-09  8.13191496e-10]\n",
      "  [-1.28274665e-09  3.05983448e-09 -1.22587916e-10]\n",
      "  [ 8.13191496e-10 -1.22587916e-10  1.42844371e-10]]\n",
      "\n",
      " [[ 1.68761777e-08 -1.12620106e-09  7.16531255e-10]\n",
      "  [-1.12620106e-09  2.67715846e-09 -1.06868123e-10]\n",
      "  [ 7.16531255e-10 -1.06868123e-10  1.26523516e-10]]\n",
      "\n",
      " [[ 1.47955925e-08 -9.89554904e-10  6.27436105e-10]\n",
      "  [-9.89554904e-10  2.36663484e-09 -9.45387792e-11]\n",
      "  [ 6.27436105e-10 -9.45387792e-11  1.11268204e-10]]\n",
      "\n",
      " [[ 1.30204885e-08 -8.70904036e-10  5.51772126e-10]\n",
      "  [-8.70904036e-10  2.08169393e-09 -8.33270495e-11]\n",
      "  [ 5.51772126e-10 -8.33270495e-11  9.76722113e-11]]\n",
      "\n",
      " [[ 1.13910148e-08 -7.62137204e-10  4.82768781e-10]\n",
      "  [-7.62137204e-10  1.82298609e-09 -7.28468999e-11]\n",
      "  [ 4.82768781e-10 -7.28468999e-11  8.58776111e-11]]\n",
      "\n",
      " [[ 9.98444331e-09 -6.68567821e-10  4.22791393e-10]\n",
      "  [-6.68567821e-10  1.60210328e-09 -6.41259905e-11]\n",
      "  [ 4.22791393e-10 -6.41259905e-11  7.52921350e-11]]\n",
      "\n",
      " [[ 8.72410126e-09 -5.84298951e-10  3.69400719e-10]\n",
      "  [-5.84298951e-10  1.40094587e-09 -5.60456582e-11]\n",
      "  [ 3.69400719e-10 -5.60456582e-11  6.59042264e-11]]\n",
      "\n",
      " [[ 7.62244768e-09 -5.10790421e-10  3.22592966e-10]\n",
      "  [-5.10790421e-10  1.22638025e-09 -4.90907672e-11]\n",
      "  [ 3.22592966e-10 -4.90907672e-11  5.76860210e-11]]\n",
      "\n",
      " [[ 6.64763332e-09 -4.45625986e-10  2.81270530e-10]\n",
      "  [-4.45625986e-10  1.07091910e-09 -4.28695164e-11]\n",
      "  [ 2.81270530e-10 -4.28695164e-11  5.03743963e-11]]\n",
      "\n",
      " [[ 5.79412587e-09 -3.88565112e-10  2.45071189e-10]\n",
      "  [-3.88565112e-10  9.34786319e-10 -3.74334996e-11]\n",
      "  [ 2.45071189e-10 -3.74334996e-11  4.39761655e-11]]\n",
      "\n",
      " [[ 5.04355844e-09 -3.38332346e-10  2.13279284e-10]\n",
      "  [-3.38332346e-10  8.14678652e-10 -3.26262602e-11]\n",
      "  [ 2.13279284e-10 -3.26262602e-11  3.83305813e-11]]\n",
      "\n",
      " [[ 4.38491771e-09 -2.94258074e-10  1.85389697e-10]\n",
      "  [-2.94258074e-10  7.09505945e-10 -2.84213026e-11]\n",
      "  [ 1.85389697e-10 -2.84213026e-11  3.33807247e-11]]\n",
      "\n",
      " [[ 3.80837200e-09 -2.55656033e-10  1.60978559e-10]\n",
      "  [-2.55656033e-10  6.17149530e-10 -2.47274757e-11]\n",
      "  [ 1.60978559e-10 -2.47274757e-11  2.90327547e-11]]\n",
      "\n",
      " [[ 3.30462579e-09 -2.21906998e-10  1.39654782e-10]\n",
      "  [-2.21906998e-10  5.36192938e-10 -2.14881441e-11]\n",
      "  [ 1.39654782e-10 -2.14881441e-11  2.52285213e-11]]\n",
      "\n",
      " [[ 2.86491273e-09 -1.92433220e-10  1.21048685e-10]\n",
      "  [-1.92433220e-10  4.65392699e-10 -1.86538863e-11]\n",
      "  [ 1.21048685e-10 -1.86538863e-11  2.19001652e-11]]\n",
      "\n",
      " [[ 2.48142098e-09 -1.66718491e-10  1.04827890e-10]\n",
      "  [-1.66718491e-10  4.03581891e-10 -1.61789239e-11]\n",
      "  [ 1.04827890e-10 -1.61789239e-11  1.89923824e-11]]\n",
      "\n",
      " [[ 2.14726531e-09 -1.44304629e-10  9.06987053e-11]\n",
      "  [-1.44304629e-10  3.49670354e-10 -1.40199179e-11]\n",
      "  [ 9.06987053e-11 -1.40199179e-11  1.64553910e-11]]]\n"
     ]
    }
   ],
   "source": [
    "print(res)"
   ]
  },
  {
   "cell_type": "code",
   "execution_count": 12,
   "id": "f9d55ea1",
   "metadata": {},
   "outputs": [
    {
     "data": {
      "text/plain": [
       "(100, 3, 3)"
      ]
     },
     "execution_count": 12,
     "metadata": {},
     "output_type": "execute_result"
    }
   ],
   "source": [
    "res.shape"
   ]
  }
 ],
 "metadata": {
  "kernelspec": {
   "display_name": "cosmology",
   "language": "python",
   "name": "cosmology"
  },
  "language_info": {
   "codemirror_mode": {
    "name": "ipython",
    "version": 3
   },
   "file_extension": ".py",
   "mimetype": "text/x-python",
   "name": "python",
   "nbconvert_exporter": "python",
   "pygments_lexer": "ipython3",
   "version": "3.9.19"
  }
 },
 "nbformat": 4,
 "nbformat_minor": 5
}
